a=[0.04,0.024484,1.6923,1.6988,NaN,0.62495,NaN,NaN,NaN,902.09
0.05,0.044616,2.3342,2.3431,NaN,0.62193,NaN,NaN,NaN,902.09
0.06,0.071393,3.0211,3.0326,NaN,0.61748,NaN,NaN,NaN,902.09
0.07,0.10524,3.7487,3.763,NaN,0.61226,NaN,NaN,NaN,902.09
0.08,0.14656,4.5144,4.5316,NaN,0.60655,NaN,NaN,NaN,902.08
0.09,0.19569,5.3117,5.332,NaN,0.60059,NaN,NaN,NaN,902.08
0.1,0.25289,6.1285,6.1519,NaN,0.59467,NaN,NaN,NaN,902.07
0.11,0.31831,6.9568,6.9834,NaN,0.58872,NaN,NaN,NaN,902.06
0.12,0.39208,7.7966,7.8264,NaN,0.58311,NaN,NaN,NaN,902.05
0.13,0.4743,8.648,8.681,NaN,0.57784,NaN,NaN,NaN,902.04
0.14,0.56509,9.5099,9.5462,NaN,0.57291,NaN,NaN,NaN,902.03
0.15,0.6645,10.373,10.412,NaN,0.56834,NaN,NaN,NaN,902.02
0.16,0.77254,11.234,11.277,NaN,0.5643,NaN,NaN,NaN,902.01
0.17,0.88918,12.095,12.141,NaN,0.56051,NaN,NaN,NaN,902
0.18,1.0144,12.954,13.003,NaN,0.56054,NaN,NaN,NaN,901.98
0.19,1.1482,13.811,13.864,NaN,0.56057,NaN,NaN,NaN,901.97
0.2,1.2907,14.669,14.725,NaN,0.5606,NaN,NaN,NaN,901.95
0.21,1.4416,15.526,15.585,NaN,0.56063,NaN,NaN,NaN,901.94
0.22,1.6012,16.383,16.445,NaN,0.56066,NaN,NaN,NaN,901.92
0.23,1.7693,17.239,17.305,NaN,0.56069,NaN,NaN,NaN,901.9
0.24,1.9459,18.095,18.164,NaN,0.56073,NaN,NaN,NaN,901.88
0.25,2.1312,18.95,19.022,NaN,0.56077,NaN,NaN,NaN,901.86
0.26,2.3249,19.805,19.881,NaN,0.56081,NaN,NaN,NaN,901.84
0.27,2.5273,20.66,20.739,NaN,0.56085,NaN,NaN,NaN,901.82
0.28,2.7381,21.515,21.597,NaN,0.56089,NaN,NaN,NaN,901.79
0.29,2.9576,22.371,22.457,NaN,0.56094,NaN,NaN,NaN,901.77
0.3,3.1856,23.228,23.317,NaN,0.56099,NaN,NaN,NaN,901.74
0.31,3.4221,24.086,24.178,NaN,0.56104,NaN,NaN,NaN,901.72
0.32,3.6673,24.944,25.039,NaN,0.56109,NaN,NaN,NaN,901.69
0.33,3.921,25.803,25.901,NaN,0.56114,NaN,NaN,NaN,901.66
0.34,4.1833,26.662,26.764,NaN,0.5612,NaN,NaN,NaN,901.63
0.35,4.4543,27.522,27.628,NaN,0.56125,NaN,NaN,NaN,901.6
0.36,4.7338,28.383,28.492,NaN,0.56131,NaN,NaN,NaN,901.57
0.37,5.0219,29.245,29.356,NaN,0.56138,NaN,NaN,NaN,901.54
0.38,5.3187,30.107,30.222,NaN,0.56144,NaN,NaN,NaN,901.5
0.39,5.6241,30.969,31.087,NaN,0.5615,NaN,NaN,NaN,901.47
0.4,5.9381,31.832,31.954,NaN,0.56157,NaN,NaN,NaN,901.43
0.41,6.2607,32.696,32.821,1.3939,0.56164,2.7341,3.8113,0,901.4
0.425,6.7609,33.99,34.122,1.4264,0.56174,2.588,3.6918,0,901.34
0.4475,7.5475,35.933,36.076,1.4732,0.56191,2.3895,3.5197,0,901.25
0.48125,8.8095,38.852,39.011,1.5449,0.56218,2.1085,3.2559,0,901.11
0.53125,10.86,43.188,43.371,1.6255,0.56262,1.8291,2.9706,0,900.88
0.58125,13.129,47.536,47.742,1.7039,0.5631,1.5889,2.7018,0,900.63
0.63125,15.614,51.892,52.12,1.817,0.56363,1.2675,2.2951,0,900.35
0.68125,18.318,56.253,56.5,1.9139,0.56422,1.0279,1.9556,0,900.05
0.73125,21.24,60.62,60.884,1.9824,0.56485,0.88073,1.7318,0,899.72
0.78125,24.38,64.992,65.269,2.0554,0.56553,0.73407,1.492,0,899.37
0.83125,27.739,69.37,69.656,2.1638,0.56625,0.52701,1.1202,0,899
0.88125,31.317,73.753,74.044,2.2886,0.56703,0.31434,0.69894,0,898.61
0.93125,35.114,78.141,78.431,2.4271,0.56786,0.10768,0.24054,0,898.2
0.98125,39.131,82.533,82.816,2.4841,0.56873,0.039327,0.11609,0,897.77
1.0313,43.367,86.926,87.199,2.4348,0.56965,0.12608,0.32229,0,897.32
1.0813,47.824,91.321,91.58,2.4279,0.57062,0.15195,0.38197,0,896.85
1.1313,52.5,95.715,95.958,2.4031,0.57164,0.2071,0.50754,0,896.35
1.1813,57.395,100.11,100.33,2.3651,0.57271,0.28679,0.68547,0,895.83
1.2313,62.51,104.5,104.7,2.3077,0.57382,0.40659,0.94218,0,895.29
1.2813,67.845,108.89,109.07,2.279,0.57499,0.48043,1.0968,0,894.72
1.3313,73.399,113.27,113.43,2.3032,0.5762,0.45434,1.0464,0,894.13
1.3813,79.172,117.66,117.8,2.3293,0.57745,0.42546,0.99128,0,893.52
1.4313,85.164,122.04,122.16,2.3615,0.57876,0.38595,0.90997,0,892.88
1.4813,91.375,126.41,126.51,2.4261,0.58011,0.2911,0.70343,0,892.22
1.5313,97.805,130.77,130.86,2.5135,0.58151,0.16573,0.41282,0,891.53
1.5813,104.45,135.12,135.21,2.6127,0.58295,0.03414,0.084735,0,890.83
1.6313,111.32,139.46,139.55,2.5822,0.58444,0.094198,0.24773,0,890.1
1.6813,118.4,143.78,143.87,2.5376,0.58597,0.17928,0.45775,0,889.34
1.7313,125.69,148.09,148.17,2.5188,0.58753,0.22704,0.57311,0,888.57
1.7813,133.21,152.36,152.45,2.4983,0.58914,0.27957,0.69839,0,887.77
1.8313,140.93,156.61,156.7,2.5128,0.59078,0.27368,0.68744,0,886.95
1.8813,148.87,160.84,160.93,2.5605,0.59246,0.21303,0.54484,0,886.1
1.9313,157.01,165.04,165.13,2.6206,0.59417,0.1358,0.35413,0,885.24
1.9813,165.37,169.21,169.31,2.6926,0.59592,0.045499,0.11999,0,884.35
2.0313,173.93,173.36,173.45,2.7136,0.59771,0.031668,0.088314,0,883.44
2.0813,182.7,177.49,177.57,2.6726,0.59952,0.10889,0.29312,0,882.5
2.1313,191.68,181.58,181.65,2.6506,0.60137,0.16109,0.42716,0,881.55
2.1813,200.86,185.64,185.71,2.6437,0.60324,0.19162,0.50703,0,880.57
2.2303,210.06,189.59,189.65,2.6748,0.60511,0.16177,0.4322,0,879.59
2.2803,219.64,193.58,193.64,2.7277,0.60704,0.099756,0.27188,0,878.57
2.3303,229.42,197.53,197.58,2.7874,0.60899,0.031078,0.085697,0,877.53
2.3803,239.39,201.44,201.49,2.8088,0.61096,0.019165,0.054601,0,876.47
2.4303,249.56,205.3,205.35,2.783,0.61294,0.075529,0.21059,0,875.39
2.4803,259.92,209.12,209.17,2.7724,0.61494,0.11135,0.30838,0,874.29
2.5303,270.47,212.9,212.95,2.7816,0.61696,0.11765,0.32718,0,873.17
2.5803,281.21,216.64,216.69,2.8092,0.619,0.096263,0.27045,0,872.02
2.6303,292.13,220.33,220.39,2.8615,0.62104,0.039383,0.11222,0,870.86
2.6803,303.24,223.99,224.04,2.8826,0.6231,0.028835,0.083685,0,869.68
2.7303,314.53,227.6,227.64,2.8615,0.62518,0.079514,0.2275,0,868.48
2.7803,326,231.16,231.21,2.8682,0.62726,0.090105,0.25817,0,867.26
2.8303,337.65,234.68,234.72,2.893,0.62935,0.07381,0.21366,0,866.02
2.8803,349.47,238.14,238.18,2.9331,0.63144,0.035549,0.10384,0,864.76
2.9303,361.46,241.52,241.55,2.9629,0.63351,0.012689,0.038168,0,863.49
2.9803,373.62,244.8,244.83,2.9579,0.63555,0.039088,0.11623,0,862.19
3.0303,385.93,247.97,248.01,2.9661,0.63755,0.046425,0.13736,0,860.88
3.0803,398.41,250.97,251,2.9834,0.63946,0.040086,0.11974,0,859.56
3.1303,411.02,253.68,253.71,3.0143,0.64122,0.013396,0.039863,0,858.22
3.1803,423.77,256.06,256.1,3.0212,0.64279,0.019404,0.059115,0,856.86
3.2303,436.62,258.19,258.22,3.027,0.6442,0.025519,0.077169,0,855.49
3.2803,449.58,260.09,260.12,3.0363,0.64548,0.025638,0.077927,0,854.11
3.3303,462.63,261.78,261.81,3.0552,0.64663,0.011364,0.034693,0,852.73
3.3803,475.75,263.23,263.26,3.0591,0.64762,0.01683,0.051094,0,851.33
3.4303,488.95,264.44,264.47,3.0581,0.64846,0.028509,0.087426,0,849.93
3.4803,502.19,265.41,265.44,3.0703,0.64914,0.020193,0.06183,0,848.52
3.5303,515.48,266.13,266.17,3.0786,0.64966,0.015935,0.049483,0,847.1
3.5803,528.8,266.62,266.66,3.0933,0.65002,0.0017728,0.0057636,0,845.69
3.6303,542.14,266.92,266.95,3.0887,0.65025,0.013906,0.042887,0,844.33
3.6803,555.49,267.11,267.15,3.0862,0.65041,0.022333,0.068693,0,842.98
3.7303,568.85,267.2,267.23,3.0901,0.6505,0.020934,0.064992,0,841.63
3.7803,582.21,267.15,267.18,3.1012,0.6505,0.0087229,0.026604,0,840.28
3.8303,595.56,266.98,267.01,3.1003,0.65041,0.013022,0.040837,0,838.92
3.8803,608.9,266.73,266.76,3.0863,0.65027,0.035394,0.10927,0,837.57
3.9303,622.23,266.41,266.44,3.0941,0.65008,0.026118,0.080908,0,836.22
3.9803,635.54,266.02,266.05,3.1134,0.64984,6.92E-04,0.0020653,0,834.88
4.0303,648.83,265.55,265.58,3.0939,0.64955,0.029635,0.091424,0,833.53
4.0803,662.09,264.96,264.99,3.0886,0.64918,0.037914,0.11738,0,832.19
4.1303,675.32,264.25,264.28,3.1017,0.64873,0.019259,0.059427,0,830.85
4.1803,688.51,263.41,263.44,3.1142,0.64819,0.0012795,0.0038324,0,829.52
4.2303,701.66,262.44,262.47,3.1029,0.64756,0.015813,0.049431,0,828.19
4.2803,714.76,261.38,261.41,3.0949,0.64688,0.025368,0.078172,0,826.86
4.3303,727.8,260.25,260.28,3.097,0.64615,0.020298,0.062599,0,825.54
4.3803,740.78,259.11,259.15,3.1062,0.64542,0.0050324,0.01519,0,824.23
4.4303,753.71,257.99,258.02,3.1039,0.6447,0.0059007,0.018768,0,822.92
4.4803,766.58,256.87,256.9,3.098,0.64399,0.011937,0.03703,0,821.61
4.5303,779.39,255.75,255.79,3.0969,0.64328,0.011157,0.034055,0,820.32
4.5803,792.15,254.65,254.68,3.0963,0.64258,0.0097831,0.030724,0,819.03
